# * EXCEPTION:
# Undefined method [] was invoked on nil.
# ** Backtrace:
# *** app/main.rb:84:in render_grid
# *** app/main.rb:83:in render_grid
# *** app/main.rb:106:in render
# *** app/main.rb:179:in tick
# *** app/main.rb:185:in tick

Game State:
{:state=>{:entity_id=>242, :tick_count=>569, :__thrash_count__=>{:[]=>0}, :game=>#<TetrisGame:0x31dac90>}, :temp_state=>{}, :inputs=>{:controller_one=>{:key_down=>{}, :key_held=>{}, :key_up=>{}}, :controller_two=>{:key_down=>{}, :key_held=>{}, :key_up=>{}}, :keyboard=>{:key_up=>{:truthy_keys=>[]}, :key_held=>{:truthy_keys=>[]}, :key_down=>{:truthy_keys=>[]}, :has_focus=>false}, :mouse=>{:x=>1279.0, :y=>582.0, :moved=>nil, :moved_at=>569, :has_focus=>false}, :text=>[]}, :passes=>[], :outputs=>{:solids=>[[0, 0, 1280, 720, 0, 0, 0], [460.0, 660.0, 30, 30, 255, 255, 255, 255], [460.0, 30.0, 30, 30, 255, 255, 255, 255], [490.0, 660.0, 30, 30, 255, 255, 255, 255], [490.0, 30.0, 30, 30, 255, 255, 255, 255], [520.0, 660.0, 30, 30, 255, 255, 255, 255], [520.0, 30.0, 30, 30, 255, 255, 255, 255], [550.0, 660.0, 30, 30, 255, 255, 255, 255], [550.0, 30.0, 30, 30, 255, 255, 255, 255], [580.0, 660.0, 30, 30, 255, 255, 255, 255], [580.0, 30.0, 30, 30, 255, 255, 255, 255], [610.0, 660.0, 30, 30, 255, 255, 255, 255], [610.0, 30.0, 30, 30, 255, 255, 255, 255], [640.0, 660.0, 30, 30, 255, 255, 255, 255], [640.0, 30.0, 30, 30, 255, 255, 255, 255], [670.0, 660.0, 30, 30, 255, 255, 255, 255], [670.0, 30.0, 30, 30, 255, 255, 255, 255], [700.0, 660.0, 30, 30, 255, 255, 255, 255], [700.0, 30.0, 30, 30, 255, 255, 255, 255], [730.0, 660.0, 30, 30, 255, 255, 255, 255], [730.0, 30.0, 30, 30, 255, 255, 255, 255], [760.0, 660.0, 30, 30, 255, 255, 255, 255], [760.0, 30.0, 30, 30, 255, 255, 255, 255], [790.0, 660.0, 30, 30, 255, 255, 255, 255], [790.0, 30.0, 30, 30, 255, 255, 255, 255], [460.0, 660.0, 30, 30, 255, 255, 255, 255], [790.0, 660.0, 30, 30, 255, 255, 255, 255], [460.0, 630.0, 30, 30, 255, 255, 255, 255], [790.0, 630.0, 30, 30, 255, 255, 255, 255], [460.0, 600.0, 30, 30, 255, 255, 255, 255], [790.0, 600.0, 30, 30, 255, 255, 255, 255], [460.0, 570.0, 30, 30, 255, 255, 255, 255], [790.0, 570.0, 30, 30, 255, 255, 255, 255], [460.0, 540.0, 30, 30, 255, 255, 255, 255], [790.0, 540.0, 30, 30, 255, 255, 255, 255], [460.0, 510.0, 30, 30, 255, 255, 255, 255], [790.0, 510.0, 30, 30, 255, 255, 255, 255], [460.0, 480.0, 30, 30, 255, 255, 255, 255], [790.0, 480.0, 30, 30, 255, 255, 255, 255], [460.0, 450.0, 30, 30, 255, 255, 255, 255], [790.0, 450.0, 30, 30, 255, 255, 255, 255], [460.0, 420.0, 30, 30, 255, 255, 255, 255], [790.0, 420.0, 30, 30, 255, 255, 255, 255], [460.0, 390.0, 30, 30, 255, 255, 255, 255], [790.0, 390.0, 30, 30, 255, 255, 255, 255], [460.0, 360.0, 30, 30, 255, 255, 255, 255], [790.0, 360.0, 30, 30, 255, 255, 255, 255], [460.0, 330.0, 30, 30, 255, 255, 255, 255], [790.0, 330.0, 30, 30, 255, 255, 255, 255], [460.0, 300.0, 30, 30, 255, 255, 255, 255], [790.0, 300.0, 30, 30, 255, 255, 255, 255], [460.0, 270.0, 30, 30, 255, 255, 255, 255], [790.0, 270.0, 30, 30, 255, 255, 255, 255], [460.0, 240.0, 30, 30, 255, 255, 255, 255], [790.0, 240.0, 30, 30, 255, 255, 255, 255], [460.0, 210.0, 30, 30, 255, 255, 255, 255], [790.0, 210.0, 30, 30, 255, 255, 255, 255], [460.0, 180.0, 30, 30, 255, 255, 255, 255], [790.0, 180.0, 30, 30, 255, 255, 255, 255], [460.0, 150.0, 30, 30, 255, 255, 255, 255], [790.0, 150.0, 30, 30, 255, 255, 255, 255], [460.0, 120.0, 30, 30, 255, 255, 255, 255], [790.0, 120.0, 30, 30, 255, 255, 255, 255], [460.0, 90.0, 30, 30, 255, 255, 255, 255], [790.0, 90.0, 30, 30, 255, 255, 255, 255], [460.0, 60.0, 30, 30, 255, 255, 255, 255], [790.0, 60.0, 30, 30, 255, 255, 255, 255], [460.0, 30.0, 30, 30, 255, 255, 255, 255], [790.0, 30.0, 30, 30, 255, 255, 255, 255]], :sprites=>[], :lines=>[], :labels=>[], :sounds=>[], :borders=>[], :primitives=>[], :static_solids=>[], :static_borders=>[], :static_sprites=>[], :static_lines=>[], :static_labels=>[], :static_primitives=>[]}, :grid=>{:runtime=>{:argv=>"C:\\Users\\Sam\\Documents\\DragonRuby\\TetrisGame\\dragonruby.exe", :platform=>"Windows", :required_files=>[], :reload_list_history=>{"app/main.rb"=>{:current=>{:path=>"app/main.rb", :global_at=>133840, :event=>:reload_completed}, :history=>[{:path=>"app/main.rb", :global_at=>-1, :event=>:reload_queued}, {:path=>"app/main.rb", :global_at=>-1, :event=>:processing}, {:path=>"app/main.rb", :global_at=>-1, :event=>:reload_completed}, {:path=>"app/main.rb", :global_at=>3794, :event=>:reload_queued}, {:path=>"app/main.rb", :global_at=>3794, :event=>:processing}, {:path=>"app/main.rb", :global_at=>3795, :event=>:reload_completed}, {:path=>"app/main.rb", :global_at=>97537, :event=>:reload_queued}, {:path=>"app/main.rb", :global_at=>97538, :event=>:processing}, {:path=>"app/main.rb", :global_at=>97539, :event=>:reload_completed}, {:path=>"app/main.rb", :global_at=>122402, :event=>:reload_queued}, {:path=>"app/main.rb", :global_at=>122403, :event=>:processing}, {:path=>"app/main.rb", :global_at=>122404, :event=>:reload_completed}, {:path=>"app/main.rb", :global_at=>126895, :event=>:reload_queued}, {:path=>"app/main.rb", :global_at=>126896, :event=>:processing}, {:path=>"app/main.rb", :global_at=>126897, :event=>:reload_completed}, {:path=>"app/main.rb", :global_at=>133838, :event=>:reload_queued}, {:path=>"app/main.rb", :global_at=>133839, :event=>:processing}, {:path=>"app/main.rb", :global_at=>133840, :event=>:reload_completed}]}}}, :ffi_draw=>"", :name=>:bottom_left, :origin_x=>0.0, :origin_y=>720, :left=>0.0, :right=>1280, :top=>720, :bottom=>0.0, :left_margin=>0.0, :bottom_margin=>0.0, :center_x=>640.0, :center_y=>360.0, :rect=>[0.0, 0.0, 1280, 720], :center=>[640.0, 360.0]}}